,dolphin,octopus,panda,sea turtle,quokka,koala,peacock,snow leopard,sea otter,honeybee
000,18.0,17.875,19.375,19.375,17.25,17.375,14.0,14.625,20.125,17.5
001,18.625,18.875,19.875,19.5,17.75,17.5,15.75,16.125,20.25,17.0
002,20.25,19.75,20.25,19.75,17.75,17.125,16.375,16.5,21.0,18.125
003,18.625,18.5,19.625,19.125,17.125,16.25,14.5,15.25,20.875,17.125
004,19.625,18.25,20.0,19.25,18.0,17.375,15.25,16.25,20.375,17.5
005,21.625,20.5,22.125,22.75,20.25,20.125,17.75,18.625,23.125,20.375
006,21.625,20.875,23.0,23.125,20.5,20.75,19.75,19.375,23.0,21.75
007,23.625,22.625,23.5,25.25,21.5,21.25,20.0,21.0,25.25,21.875
008,21.625,25.125,22.75,22.125,20.0,19.625,18.625,18.875,22.5,19.75
009,19.375,19.625,20.875,20.875,18.75,18.75,16.875,16.75,20.75,18.0
010,19.875,21.875,21.875,20.5,19.0,18.75,16.625,17.0,22.125,19.125
011,21.875,20.25,22.625,23.125,19.75,19.875,17.75,17.875,25.125,20.625
012,20.5,19.0,21.75,21.375,18.625,18.5,16.375,17.5,23.375,18.75
013,21.375,20.875,22.0,23.25,19.375,20.125,17.5,19.375,24.5,20.125
014,22.25,21.625,23.5,23.0,20.625,20.75,19.0,19.125,23.5,20.375
015,20.75,20.25,21.25,20.875,18.625,19.125,17.5,17.375,22.0,19.0
016,20.625,19.75,23.0,21.5,20.25,20.0,16.875,18.375,22.875,19.75
017,21.375,20.875,23.0,22.375,21.125,20.75,18.25,18.0,23.25,20.625
018,20.25,19.5,21.375,21.0,19.375,19.0,17.0,17.0,22.0,17.875
019,19.625,19.375,21.375,21.0,20.0,18.75,15.625,17.625,22.0,18.375
020,22.125,20.125,22.75,22.625,19.75,19.125,17.625,18.25,23.125,19.75
021,20.375,19.375,22.0,21.75,18.375,17.5,17.0,16.875,21.75,18.0
022,19.25,18.875,20.25,19.875,16.875,17.625,15.25,15.25,21.0,16.875
023,20.0,20.875,20.75,21.375,19.5,19.0,16.5,17.5,22.625,19.125
024,20.875,19.875,22.25,21.5,19.625,19.5,17.625,17.625,23.0,19.25
025,22.0,20.5,23.375,22.875,22.0,20.875,18.625,19.125,24.375,20.375
026,22.625,20.75,23.125,22.375,20.875,20.25,18.5,17.875,23.625,20.375
027,19.625,19.375,20.625,19.875,19.125,17.625,16.0,15.375,20.5,18.25
028,20.875,20.625,21.0,20.375,18.875,18.0,16.875,16.25,21.375,18.0
029,21.125,21.0,22.5,21.875,20.875,19.75,18.625,18.875,23.25,19.625
030,22.0,20.875,23.0,22.75,21.75,20.75,17.5,19.25,24.25,20.0
031,21.0,19.375,21.75,22.0,19.625,18.375,17.25,17.375,23.375,19.0
032,21.875,22.0,23.75,22.75,21.125,21.375,19.625,18.75,24.0,21.25
033,18.125,17.625,19.25,17.5,16.375,15.75,14.125,14.5,18.375,15.5
034,19.25,18.625,20.5,19.375,18.25,17.625,14.75,15.625,20.625,17.25
035,20.375,19.25,21.75,21.125,18.375,18.875,17.0,16.75,21.75,17.375
036,16.125,14.75,18.875,15.75,15.75,15.625,11.75,12.125,17.5,13.375
037,19.125,18.625,20.75,19.75,18.25,18.25,14.875,15.125,21.125,17.625
038,21.375,21.625,22.5,21.625,21.125,20.5,18.5,17.375,23.5,18.625
039,18.375,17.25,19.75,19.125,17.625,16.75,15.0,14.5,20.375,15.75
040,19.875,19.375,20.625,20.375,19.625,19.0,16.125,16.5,21.5,18.0
041,19.875,19.625,21.375,19.5,19.125,18.375,15.25,16.0,21.25,17.625
042,19.125,18.625,21.5,19.25,19.0,18.0,16.25,15.875,20.75,18.0
043,19.25,18.875,19.125,19.875,19.0,17.875,15.75,14.75,20.0,17.75
044,17.375,16.5,18.5,17.875,16.125,15.625,14.5,13.375,18.375,14.375
045,21.125,18.25,21.5,19.875,20.0,18.875,16.625,15.5,21.25,18.625
046,19.0,18.0,19.375,19.125,18.875,17.625,15.875,15.75,20.0,18.0
047,20.125,19.375,20.75,19.5,20.0,18.875,16.875,17.0,22.125,18.25
048,19.125,17.0,19.25,17.625,18.5,16.875,14.75,15.125,19.5,16.5
049,19.375,17.25,19.0,17.75,18.0,16.75,14.25,14.75,19.75,16.25
050,24.125,21.625,24.5,24.625,22.0,21.125,19.5,20.0,24.5,21.375
051,22.75,20.375,22.25,22.375,20.875,19.375,17.625,17.125,22.375,20.125
052,18.5,17.625,20.125,19.25,17.25,16.875,15.625,15.25,19.875,17.0
053,21.25,20.75,22.875,22.625,20.875,20.0,20.125,19.375,22.0,20.75
054,20.375,18.875,21.375,21.125,18.25,19.125,18.0,17.5,21.5,18.75
055,20.5,19.25,20.375,21.75,18.375,18.125,16.75,17.0,21.0,18.375
056,20.0,18.375,21.375,20.625,18.625,18.25,16.125,16.0,20.25,18.25
057,20.375,19.75,21.125,20.0,18.625,18.5,17.375,16.25,20.625,17.375
058,23.25,23.125,26.0,25.125,22.625,22.625,22.0,20.125,25.125,20.5
059,18.5,19.5,21.125,22.125,19.125,18.375,17.875,17.375,21.25,18.25
060,20.375,19.625,22.125,21.875,20.125,19.125,17.0,17.875,22.5,19.125
061,20.125,17.875,20.625,20.0,17.875,16.625,15.75,15.25,20.75,17.75
062,18.125,17.25,20.75,19.5,17.75,17.125,15.625,15.25,20.875,18.375
063,20.625,20.125,22.5,21.625,19.875,18.375,18.875,17.125,22.5,19.125
064,18.25,18.875,21.5,19.75,18.5,18.0,16.375,16.5,20.875,16.25
065,18.25,17.625,20.25,19.0,17.625,17.375,15.5,15.75,20.25,15.125
066,15.75,14.875,17.625,16.625,15.375,14.75,11.5,12.25,17.625,14.0
067,16.25,15.75,17.75,16.5,15.75,14.75,13.375,13.25,18.125,14.625
068,20.125,18.75,20.875,20.25,18.375,18.0,16.0,15.375,21.625,17.0
069,18.125,16.5,19.375,18.625,18.75,17.25,14.125,14.75,20.875,15.375
070,20.875,20.75,23.625,21.625,21.125,21.25,17.75,19.125,23.75,19.375
071,21.0,17.875,21.875,19.625,19.25,18.5,15.25,15.375,20.625,17.75
072,17.75,15.5,18.75,16.875,16.0,15.25,12.625,13.125,18.125,14.5
073,19.125,17.75,21.25,20.0,17.375,17.625,14.875,15.5,19.625,17.0
074,22.25,21.125,23.625,22.0,19.875,20.75,17.25,19.0,22.75,20.0
075,21.625,20.875,22.375,20.625,19.625,19.375,17.75,16.75,21.125,18.0
076,22.625,20.125,22.125,21.375,18.125,18.875,17.25,16.625,22.0,17.5
077,18.875,18.25,20.75,19.375,17.125,17.875,15.375,15.625,20.0,16.25
078,21.0,19.25,20.75,19.125,18.375,17.875,16.25,16.25,20.875,16.25
079,19.625,18.5,21.75,19.25,18.625,18.75,15.5,16.125,20.375,17.125
080,24.25,24.0,25.125,23.375,22.0,22.0,19.5,20.125,24.5,21.375
081,23.25,22.875,23.5,22.875,21.0,20.25,17.25,17.25,23.75,19.625
082,22.375,23.0,24.75,22.75,21.875,22.25,18.75,18.5,24.75,21.0
083,20.625,21.5,22.0,21.375,19.875,18.75,17.75,16.75,22.625,18.625
084,22.5,20.625,23.125,21.5,20.125,19.75,16.75,17.875,23.125,19.5
085,22.625,20.875,23.75,22.5,20.0,19.5,17.375,17.375,23.125,18.0
086,21.125,20.25,22.375,21.25,20.0,19.125,16.75,15.875,22.625,17.875
087,22.5,22.375,23.0,22.125,20.75,20.5,17.375,17.625,24.375,19.125
088,21.5,20.625,21.625,20.875,20.125,18.875,16.5,16.375,22.625,18.125
089,20.875,21.125,23.25,21.0,21.125,20.25,17.875,19.0,23.375,18.875
090,20.75,19.125,22.5,21.0,19.625,19.25,15.125,16.25,22.25,18.0
091,19.375,18.0,21.125,21.375,18.0,18.375,14.625,15.0,22.5,17.375
092,19.75,19.75,21.625,21.125,18.75,18.875,14.5,15.375,22.25,18.5
093,17.0,17.5,18.25,18.0,15.875,14.875,13.5,13.0,19.25,14.875
094,18.25,16.875,19.0,19.0,17.875,16.75,12.75,14.75,20.375,15.25
095,20.125,20.125,21.0,20.75,18.875,19.0,15.875,16.25,22.625,17.75
096,18.125,18.125,19.375,19.0,17.125,15.75,14.5,14.625,20.875,15.75
097,18.875,18.125,19.25,18.125,17.25,17.25,14.75,14.875,19.25,14.875
098,19.125,18.375,19.875,18.5,17.875,16.875,15.25,15.25,20.0,15.625
099,20.0,17.75,20.375,20.25,17.375,16.875,14.625,14.875,21.5,15.625
100,21.375,21.5,24.375,23.25,20.75,22.0,18.0,19.125,23.75,21.0
101,21.5,22.25,23.5,22.125,19.75,20.5,18.5,18.375,22.5,19.5
102,17.25,18.5,19.0,18.5,15.25,15.625,14.5,13.75,18.125,16.0
103,18.125,20.875,20.0,20.0,16.125,16.25,15.75,15.5,20.25,17.25
104,20.25,20.375,21.5,20.875,17.25,18.0,16.75,16.875,21.5,17.875
105,20.5,20.125,22.5,21.875,17.875,19.5,18.25,18.25,21.875,19.375
106,18.5,18.125,21.125,19.875,16.875,17.0,15.375,16.75,19.375,17.25
107,21.375,20.0,23.75,22.375,19.375,19.875,19.0,19.125,22.625,19.375
108,20.375,19.25,23.125,21.75,20.125,19.5,18.25,18.5,21.625,19.25
109,20.125,19.875,22.0,21.625,18.625,18.875,17.0,17.75,21.625,19.25
110,22.625,22.125,25.0,24.75,22.25,22.625,19.0,20.25,24.5,22.375
111,22.125,21.0,24.75,23.5,20.875,20.75,19.5,19.25,23.25,20.75
112,21.375,20.125,23.625,22.25,19.375,20.0,17.125,18.0,22.875,19.25
113,20.625,20.125,23.5,22.25,19.75,20.125,17.5,17.875,22.125,20.375
114,19.5,18.25,22.375,20.5,18.0,18.625,16.25,17.0,20.75,18.125
115,20.5,19.5,21.875,21.5,18.75,19.5,16.375,16.5,21.375,19.5
116,19.75,18.5,21.5,20.25,17.5,18.375,15.625,16.0,20.5,19.0
117,17.375,17.625,20.25,19.0,17.5,17.5,14.375,14.625,18.5,17.125
118,17.75,18.0,19.375,18.375,16.125,16.375,15.0,13.875,17.75,17.5
119,21.5,21.5,22.875,23.125,20.125,20.0,18.5,18.125,22.875,21.25
120,21.125,20.75,22.25,22.875,20.125,20.5,17.5,18.25,22.125,20.625
121,20.875,19.375,21.375,22.25,18.625,18.375,17.375,17.25,22.5,19.625
122,19.75,18.75,20.75,22.0,18.5,18.25,16.875,16.375,21.625,19.125
123,21.75,21.375,23.5,23.5,21.125,20.5,19.625,19.0,23.0,21.375
124,21.5,19.625,22.875,23.125,20.5,20.5,18.375,18.0,23.625,20.5
125,23.0,21.75,23.125,24.375,21.75,21.75,20.375,19.375,25.0,22.25
126,18.5,17.5,20.25,20.0,18.0,17.375,15.5,15.75,20.375,17.75
127,18.625,18.875,21.0,20.125,18.875,17.875,16.375,16.875,20.625,18.0
128,15.5,16.125,17.5,16.375,14.875,14.125,13.125,13.375,16.625,14.875
129,17.125,18.375,18.875,18.75,17.625,16.25,15.375,15.75,19.875,16.625
130,20.5,20.875,23.0,22.625,19.875,19.75,17.75,17.75,23.0,19.5
131,20.75,21.625,22.875,22.25,19.5,19.0,18.375,18.75,22.875,18.875
132,19.125,19.75,21.125,20.625,17.875,18.25,15.875,16.0,20.5,18.375
133,17.875,19.375,20.625,20.125,17.375,17.375,15.875,15.75,19.625,16.0
134,18.625,19.625,21.25,20.25,17.75,18.0,16.375,16.875,20.875,17.25
135,20.25,20.625,23.625,21.5,19.625,19.625,18.375,19.0,22.0,19.5
136,20.125,20.125,23.375,22.25,20.125,20.125,18.375,17.125,22.375,19.875
137,18.375,19.25,20.25,20.125,17.0,18.125,16.125,15.375,19.75,17.25
138,21.75,22.0,23.875,22.375,20.375,20.75,20.0,19.5,22.5,19.875
139,20.75,20.25,22.0,22.25,19.25,20.0,18.25,18.75,22.5,18.875
140,22.375,21.625,24.0,23.75,21.5,21.875,19.75,20.625,24.875,20.75
141,23.75,22.875,26.0,25.0,22.5,22.125,20.625,21.5,25.25,21.375
142,20.875,21.125,22.875,22.5,19.75,19.625,17.875,17.125,22.125,19.5
143,20.375,19.875,22.25,22.0,19.75,19.375,16.875,16.5,21.25,19.375
144,20.375,19.375,21.125,21.375,18.875,18.25,17.125,17.125,21.5,19.5
145,20.75,20.75,22.625,23.375,18.5,19.0,18.75,18.625,22.125,20.375
146,19.25,18.75,20.75,20.25,18.25,18.25,16.5,15.5,19.875,18.125
147,19.75,20.625,21.875,21.5,19.375,19.375,18.375,17.625,21.125,19.75
148,22.125,22.125,23.25,24.0,22.125,21.5,20.125,20.5,24.875,20.875
149,19.375,20.125,21.75,22.25,20.25,19.5,17.375,17.125,22.125,18.5
150,23.0,23.75,25.5,25.125,22.875,22.75,20.875,21.375,25.125,23.125
151,20.125,20.375,21.5,21.75,18.5,18.625,17.875,18.125,21.5,18.875
152,19.875,20.0,21.25,21.375,17.875,18.5,16.125,17.125,22.25,18.375
153,21.375,21.375,22.5,23.125,20.125,20.0,18.25,18.5,23.375,20.5
154,18.0,17.5,18.75,19.25,15.25,16.25,14.75,14.5,19.875,15.5
155,18.625,17.625,19.75,19.625,16.875,17.375,15.375,16.125,19.875,17.875
156,19.5,17.5,19.625,19.25,16.125,16.625,15.0,15.0,19.75,17.25
157,19.5,19.125,20.375,20.5,18.25,18.25,16.625,15.875,21.0,17.625
158,22.0,21.625,24.625,23.875,21.0,20.75,19.75,19.125,24.25,21.0
159,22.375,22.875,25.125,24.125,22.25,22.5,20.75,20.625,24.75,21.5
160,19.875,21.0,22.25,20.75,19.875,19.75,16.875,17.875,22.375,19.25
161,17.75,17.75,19.75,18.625,17.75,17.0,14.875,15.125,19.875,16.75
162,20.75,19.875,21.875,21.75,19.25,18.75,17.375,16.75,22.625,19.5
163,16.125,17.375,18.625,16.75,15.75,15.125,13.375,13.75,18.125,15.25
164,18.875,19.125,22.125,20.375,19.5,19.0,16.0,17.125,21.75,18.5
165,21.5,21.5,23.125,23.25,20.75,20.625,19.125,19.5,23.0,21.375
166,19.625,19.75,22.0,20.625,18.625,17.5,16.625,17.375,20.5,19.0
167,19.5,19.0,20.625,21.0,17.375,17.125,16.5,17.0,20.125,18.875
168,18.5,18.875,19.875,19.75,17.375,17.625,15.375,15.875,20.25,17.875
169,19.0,19.75,22.125,21.75,20.0,19.25,16.125,18.25,22.125,19.375
170,21.625,22.75,24.625,24.625,21.0,22.125,18.875,21.0,24.75,21.375
171,22.625,21.25,23.625,23.875,21.125,20.875,18.125,19.0,23.25,20.625
172,18.625,17.75,21.25,20.75,17.625,17.625,14.75,15.375,19.875,17.0
173,19.75,21.0,23.5,21.25,19.75,20.25,18.125,17.5,20.625,19.0
174,20.25,20.25,22.125,21.5,20.375,20.0,16.375,17.0,22.375,19.375
175,20.875,21.25,23.0,22.875,20.25,20.25,18.375,18.25,22.5,20.375
176,17.625,17.25,19.5,19.125,16.5,16.75,14.625,14.25,19.625,16.375
177,18.125,17.875,20.875,19.625,18.625,17.875,15.375,15.125,19.5,17.875
178,17.75,17.75,19.75,18.25,18.0,17.875,15.5,14.875,19.375,16.875
179,18.125,19.625,22.125,20.375,19.125,19.5,15.75,16.875,21.75,18.875
180,20.75,20.875,22.375,23.0,19.25,19.5,17.0,18.625,22.875,19.0
181,19.75,20.125,20.625,19.75,17.375,17.375,15.625,15.25,19.875,17.25
182,17.375,17.25,19.375,18.5,15.5,15.625,13.5,13.75,19.0,16.125
183,18.25,19.75,21.375,21.125,18.5,18.5,15.875,16.25,21.5,18.375
184,16.125,15.875,18.5,17.5,15.5,16.25,12.75,13.375,18.75,14.625
185,20.125,19.875,22.0,21.125,18.875,19.875,17.125,18.0,22.375,19.0
186,18.125,17.125,20.75,18.875,17.75,17.5,14.5,16.375,20.125,18.625
187,17.75,17.25,20.0,18.0,16.375,16.75,14.375,15.375,19.75,18.5
188,19.0,19.25,20.625,18.625,18.375,17.75,15.125,15.25,20.5,18.0
189,18.375,19.25,21.625,19.625,18.5,19.25,15.625,16.625,21.75,17.875
190,19.125,19.875,21.875,20.875,18.875,20.125,15.875,18.0,22.5,19.125
191,18.25,19.375,21.125,19.125,17.875,17.75,16.125,16.25,20.25,17.125
192,18.125,18.5,20.125,19.5,17.75,17.625,15.5,16.25,20.375,17.625
193,16.5,17.125,18.375,18.0,16.25,15.875,14.5,15.125,18.125,15.625
194,19.125,19.125,20.75,20.25,19.125,18.75,16.875,16.875,21.0,18.625
195,18.125,18.25,19.625,19.25,17.625,17.125,15.375,15.875,19.25,17.875
196,15.75,15.5,18.25,17.125,15.125,14.375,13.25,14.125,17.0,15.25
197,16.25,15.5,18.25,16.875,16.125,15.125,13.375,13.375,17.25,15.5
198,15.75,15.375,17.5,16.625,15.0,14.625,12.5,13.625,16.875,14.25
199,17.875,17.0,19.25,18.25,17.5,17.25,14.5,15.375,19.125,16.375
200,20.875,19.875,22.875,22.125,20.0,20.375,17.5,18.75,23.0,19.625
201,18.5,17.375,20.75,18.75,18.375,18.25,15.875,17.0,20.0,17.25
202,17.5,16.125,20.125,18.0,16.625,16.875,15.375,15.625,19.25,16.375
203,17.375,18.0,20.0,19.625,17.125,17.5,15.125,16.0,20.125,17.0
204,15.125,16.25,17.625,15.625,13.75,13.625,13.25,13.375,16.875,15.25
205,18.625,18.5,21.0,20.125,16.375,17.25,16.75,16.5,19.5,17.625
206,20.25,21.125,23.125,23.625,20.0,20.25,18.625,19.125,23.125,20.5
207,19.75,20.625,21.875,21.25,17.875,18.625,17.25,17.0,21.25,19.25
208,18.75,19.5,21.5,19.75,18.0,17.625,15.75,17.375,20.875,17.125
209,20.375,21.0,23.0,23.0,20.25,20.5,18.5,19.75,23.0,20.125
210,21.875,22.75,24.5,24.375,20.625,21.75,19.0,20.625,25.5,21.375
211,19.75,20.125,22.25,22.375,18.125,18.625,18.0,18.375,23.0,18.75
212,23.875,22.625,24.875,24.375,21.375,22.0,21.875,21.625,25.0,22.625
213,20.875,22.25,22.75,23.5,19.25,19.625,19.625,20.375,23.0,19.625
214,17.5,18.625,20.125,19.875,16.5,16.75,15.75,17.125,19.125,16.25
215,19.5,19.625,22.375,21.75,18.25,18.875,17.75,17.25,21.5,19.125
216,20.5,19.625,22.375,21.5,19.375,19.25,17.5,18.0,22.5,20.0
217,18.125,18.625,21.375,20.375,18.625,18.875,16.75,17.625,21.625,19.125
218,16.625,19.5,19.875,18.375,16.875,16.75,16.0,15.75,19.625,16.5
219,16.125,17.5,18.875,17.625,16.375,16.625,13.5,14.875,18.625,16.875
220,19.5,20.625,22.0,22.125,19.0,19.875,16.125,17.625,22.5,19.875
221,17.875,18.25,20.0,20.375,16.25,16.25,15.25,16.25,20.125,17.0
222,14.875,14.125,16.5,16.0,12.875,12.875,11.25,11.75,15.5,12.625
223,18.25,17.375,20.25,19.375,16.75,17.25,14.625,16.125,19.625,16.375
224,17.75,17.5,20.75,19.625,16.375,17.5,15.0,15.0,19.875,17.625
225,20.625,18.875,22.5,21.875,19.75,19.75,17.625,18.125,22.25,19.125
226,18.625,18.75,19.375,19.75,16.625,16.875,15.125,15.75,20.625,16.875
227,17.875,17.875,19.5,19.875,15.625,16.75,15.0,16.0,20.375,17.375
228,20.0,20.125,21.75,21.25,18.0,18.125,16.375,17.625,21.875,19.125
229,17.875,17.125,19.0,18.875,16.375,16.375,13.625,15.5,19.875,16.25
230,17.875,18.625,19.375,20.25,17.5,16.75,13.75,15.5,21.0,17.25
231,17.625,17.875,19.375,18.75,15.75,15.75,14.375,14.75,19.125,16.75
232,19.125,19.25,21.125,21.375,18.0,18.25,15.75,16.125,21.25,17.625
233,18.125,16.625,19.25,19.5,17.125,16.875,13.5,15.75,20.125,16.125
234,19.625,20.125,20.25,21.875,17.625,18.5,16.625,17.75,21.375,17.5
235,16.375,16.875,18.25,18.875,15.375,15.625,13.125,14.25,19.0,14.375
236,17.75,17.75,19.25,19.125,16.625,16.875,14.375,14.0,18.875,16.875
237,17.5,18.625,19.25,18.75,16.875,17.875,15.75,14.5,18.75,17.375
238,18.625,19.25,20.625,19.875,18.0,17.75,16.5,16.5,20.125,17.75
239,18.5,18.875,22.125,20.875,18.75,19.0,15.625,16.625,22.375,18.375
240,20.5,20.75,22.625,22.375,20.25,19.75,16.75,18.875,23.25,20.0
241,20.625,20.5,23.375,22.5,19.375,20.125,17.75,18.0,22.25,19.875
242,19.125,19.0,20.125,21.875,17.75,17.375,16.375,15.375,21.0,18.125
243,17.625,17.75,20.125,20.75,17.875,17.125,15.25,16.25,21.375,16.625
244,17.125,17.125,19.375,19.625,16.125,15.875,14.125,15.875,20.0,16.875
245,20.5,19.5,22.125,22.125,19.5,19.875,17.625,18.0,22.5,20.0
246,16.125,15.25,17.625,17.0,14.5,15.25,12.875,12.875,17.75,15.75
247,18.0,16.5,19.125,19.0,17.5,17.125,14.625,13.625,19.25,17.375
248,18.125,16.875,17.375,17.5,16.5,17.125,14.5,14.625,19.0,16.375
249,20.25,19.5,19.75,20.5,17.875,18.25,16.75,16.375,21.375,17.25
250,22.125,21.75,23.5,23.25,21.125,20.625,19.0,19.375,23.25,20.875
251,19.5,19.0,20.25,20.5,18.5,17.625,16.0,15.875,19.625,18.25
252,19.75,17.25,20.75,20.5,17.375,18.0,14.875,14.875,20.5,18.0
253,21.625,19.875,22.625,23.0,20.25,20.25,18.125,19.25,23.125,20.375
254,19.875,20.125,21.5,21.5,18.875,19.375,17.75,17.5,21.375,18.5
255,18.875,19.625,20.0,20.625,17.75,16.875,16.25,16.5,20.25,18.5
256,17.25,16.375,17.5,17.875,14.75,14.625,13.5,12.875,17.625,16.375
257,18.0,18.125,19.125,20.25,17.375,16.75,15.75,15.5,19.625,16.75
258,19.0,19.375,22.0,21.5,18.375,18.25,16.5,16.625,22.125,18.5
259,18.5,19.375,20.625,20.625,17.625,18.0,17.125,16.5,21.0,18.375
260,21.25,21.25,22.375,23.25,19.875,20.0,18.375,17.875,22.625,20.375
261,19.625,19.0,20.75,20.625,17.875,17.25,15.875,15.375,20.875,17.875
262,19.5,19.875,21.75,22.25,18.625,18.125,18.0,16.375,22.0,19.375
263,18.5,18.875,19.75,20.0,17.125,17.0,15.75,14.875,19.875,18.25
264,18.875,19.25,20.375,20.125,17.375,18.125,15.75,15.875,20.375,18.375
265,16.625,16.625,17.625,18.375,15.125,14.75,13.875,12.5,17.875,15.0
266,17.75,17.875,20.5,18.875,16.875,16.875,15.0,15.0,18.5,17.375
267,16.125,16.375,17.875,18.75,14.125,15.625,14.5,13.5,18.375,14.75
268,16.25,16.5,17.75,17.25,14.5,14.5,13.0,13.375,17.0,14.625
269,17.75,18.5,20.75,20.5,18.0,17.875,16.125,17.0,20.75,17.75
270,18.5,19.625,21.5,21.25,18.25,18.0,16.25,17.75,21.25,18.625
271,18.75,18.0,21.125,20.375,17.875,17.875,15.875,16.375,20.375,17.75
272,16.875,16.875,19.625,18.875,16.125,16.375,15.875,15.0,18.625,17.25
273,19.5,19.875,22.0,20.5,18.5,18.875,16.75,17.375,21.0,20.125
274,17.75,18.875,20.75,19.75,16.75,16.375,15.375,15.0,19.25,16.875
275,20.875,21.375,24.25,24.875,21.0,20.5,19.125,19.0,23.25,21.625
276,17.25,16.25,19.125,18.625,16.25,15.625,13.0,13.625,18.75,16.625
277,13.875,14.5,15.875,15.375,12.625,12.375,9.75,10.125,14.75,13.25
278,15.875,15.875,16.875,17.375,13.375,14.375,13.0,12.75,16.0,14.125
279,17.125,17.125,19.625,19.25,16.625,16.625,14.75,14.75,18.5,16.5
280,18.625,18.75,20.375,19.875,17.625,17.75,14.25,15.125,19.625,17.75
281,19.75,18.75,20.5,19.25,16.875,16.75,15.0,15.125,18.875,17.375
282,18.25,18.25,20.125,18.25,14.75,15.0,14.875,14.0,18.125,15.625
283,18.125,18.25,19.375,19.25,16.0,16.0,14.25,15.125,18.75,16.25
284,18.625,17.0,18.75,18.5,15.0,16.0,14.375,13.375,18.875,16.875
285,20.875,20.125,23.25,22.625,19.875,20.125,18.0,16.75,22.125,20.0
286,15.375,14.875,18.0,16.625,14.75,14.25,12.0,11.5,16.875,14.25
287,18.75,18.875,21.125,20.25,17.25,17.875,16.375,14.875,19.375,18.375
288,18.875,19.375,20.125,20.625,18.125,17.375,16.0,15.375,19.875,18.375
289,18.375,19.375,21.0,20.625,17.25,18.0,16.0,16.125,20.5,18.25
290,19.875,20.625,22.0,22.0,18.875,19.75,17.125,17.375,21.875,20.125
291,19.625,19.5,21.75,21.25,18.375,18.75,17.125,16.0,21.625,18.625
292,18.25,17.625,19.125,18.5,16.125,16.25,14.0,13.875,19.25,15.375
293,19.625,20.75,21.75,20.5,17.5,17.5,17.0,16.375,20.375,17.875
294,17.75,17.625,19.375,19.0,16.375,16.25,15.5,14.625,18.375,16.75
295,19.25,20.625,22.375,22.125,19.125,20.125,18.125,18.0,22.0,20.625
296,19.0,20.625,22.375,21.5,18.0,19.125,18.0,17.625,21.625,19.75
297,19.5,20.625,21.625,21.25,19.75,19.75,18.25,17.0,21.75,19.125
298,19.0,19.875,21.75,21.125,18.0,18.375,16.375,16.25,20.375,18.5
299,18.25,18.875,19.625,20.25,17.375,17.0,15.625,15.0,19.875,17.125
300,20.5,20.75,23.0,23.125,20.75,20.125,18.125,18.25,22.875,20.875
301,20.25,21.25,23.0,21.375,19.375,18.625,18.5,18.25,21.875,19.625
302,18.875,19.5,19.75,19.125,16.875,16.875,15.625,15.75,19.875,17.25
303,17.5,18.375,18.875,18.875,16.5,15.75,15.5,14.875,18.75,16.75
304,18.125,18.25,19.125,19.125,16.625,16.0,16.25,15.875,19.75,17.25
305,20.875,19.0,22.5,21.375,17.625,17.375,17.5,17.75,20.25,18.75
306,19.875,19.125,23.125,21.75,19.625,19.0,18.0,17.75,22.0,20.375
307,19.25,18.625,21.125,20.75,18.25,17.625,16.875,16.375,21.25,18.875
308,19.875,19.5,21.5,21.125,18.125,18.125,18.0,18.125,20.75,18.75
309,19.125,18.5,22.25,21.875,18.875,18.5,18.375,18.25,20.625,17.625
310,21.5,20.625,23.5,22.75,19.875,19.625,18.25,17.75,23.125,20.375
311,20.125,17.625,20.625,20.625,17.5,17.125,16.125,16.375,21.625,18.625
312,20.625,19.875,22.375,21.25,18.5,18.375,16.625,17.375,22.5,19.375
313,16.25,15.375,18.5,17.625,15.375,15.125,13.875,13.5,17.875,15.5
314,17.625,16.75,19.5,19.25,16.375,16.125,14.625,14.125,19.875,16.625
315,20.5,19.875,21.125,21.875,18.5,18.25,18.25,16.375,21.0,19.375
316,20.125,20.25,20.625,21.75,18.125,17.375,16.875,16.625,21.875,18.5
317,18.375,19.375,19.75,19.375,18.0,18.0,16.0,14.25,19.5,18.625
318,17.75,18.375,19.875,19.0,15.75,15.875,16.25,15.375,19.125,17.25
319,15.5,16.125,18.75,17.625,14.0,14.25,13.75,12.75,16.375,14.875
320,19.25,19.625,20.625,21.25,18.125,18.25,17.25,15.875,20.75,19.125
321,18.75,19.5,19.625,20.875,16.5,17.0,17.0,15.875,19.5,17.5
322,22.5,22.0,22.625,22.625,19.375,19.375,18.875,18.0,22.25,21.0
323,20.0,21.25,22.375,21.25,19.0,18.875,18.375,17.125,21.0,19.25
324,19.875,19.625,22.125,22.0,18.375,18.875,17.625,16.875,21.75,19.0
325,19.375,18.25,21.875,20.0,17.875,17.5,15.875,16.375,21.25,18.0
326,18.5,19.625,21.5,19.875,17.75,17.5,15.875,16.375,21.0,17.875
327,16.625,18.0,19.125,18.375,16.125,15.75,15.5,13.875,18.0,16.875
328,20.25,20.75,22.875,23.0,19.125,19.5,17.875,18.375,22.75,19.75
329,18.875,18.0,21.625,21.625,18.625,18.25,16.0,16.125,22.0,17.375
330,19.375,19.5,21.25,21.375,19.25,18.125,15.75,16.75,21.5,19.125
331,19.875,18.625,20.25,21.625,17.875,18.125,15.625,15.625,21.125,18.5
332,19.5,19.375,20.75,20.75,19.125,18.625,16.25,16.125,21.125,18.875
333,19.25,19.0,21.375,20.5,18.0,17.75,16.25,15.875,20.125,18.125
334,18.5,17.875,18.75,19.875,16.625,16.5,15.25,16.0,19.75,16.75
335,20.125,20.875,21.875,22.25,18.125,18.75,18.25,18.25,22.0,19.375
336,15.875,16.5,18.0,17.875,15.75,15.625,13.375,12.875,17.875,16.375
337,16.75,16.375,17.75,17.5,13.75,14.875,13.75,12.25,16.25,14.5
338,19.875,20.75,22.25,20.75,19.5,19.5,16.75,17.5,22.0,19.0
339,18.375,20.5,21.125,19.75,17.75,17.375,15.5,15.25,19.75,17.375
340,18.75,19.125,21.5,20.875,18.0,17.625,15.5,17.625,21.5,17.625
341,14.875,14.25,17.25,14.75,13.0,12.75,11.25,12.25,15.375,12.375
342,18.875,19.375,21.25,21.0,17.25,17.0,17.25,16.625,20.5,18.25
343,18.25,18.375,19.125,19.375,17.625,16.375,15.0,13.625,19.125,16.625
344,16.875,17.125,19.75,18.75,15.125,15.875,13.75,13.75,19.0,16.375
345,19.25,19.0,22.0,20.75,18.5,17.625,15.625,16.125,19.5,18.875
346,16.625,16.625,17.625,16.5,14.375,14.0,13.875,12.125,16.0,16.375
347,19.625,19.875,20.75,20.75,17.0,16.125,15.375,14.875,19.5,18.25
348,16.5,15.875,17.875,17.375,15.0,13.5,11.625,13.125,17.375,14.125
349,16.25,16.375,17.75,16.75,14.75,13.875,12.25,12.375,17.125,14.5
350,19.5,19.75,21.375,22.5,17.875,18.125,16.625,16.375,21.625,18.625
351,17.125,16.0,18.0,17.75,14.25,14.625,12.875,13.125,17.125,15.375
352,17.75,16.625,18.75,20.125,14.75,15.125,14.0,12.75,18.875,15.125
353,18.25,18.625,19.875,19.5,17.0,16.375,15.0,14.25,19.125,17.125
354,19.75,19.875,21.125,20.625,17.25,16.875,15.75,17.5,20.625,17.875
355,17.75,17.75,19.0,19.0,16.125,16.75,13.875,14.625,18.875,16.875
356,17.125,16.125,19.375,19.75,16.625,16.625,13.625,13.5,18.875,15.875
357,15.875,15.75,17.75,18.0,15.5,15.5,13.5,14.0,16.875,14.0
358,15.375,17.0,19.625,18.5,16.5,16.0,13.75,13.375,19.25,15.25
359,17.25,17.0,19.375,19.75,16.0,16.0,16.0,14.75,18.5,15.375
360,21.375,20.75,22.0,23.75,20.0,19.625,18.875,19.125,23.25,19.125
361,20.625,19.625,21.25,21.875,17.875,17.75,16.375,16.875,21.5,18.5
362,16.625,16.75,18.125,18.5,14.625,14.25,13.875,13.125,18.0,15.375
363,16.125,16.5,18.875,16.25,15.375,15.25,12.375,12.875,17.125,15.375
364,15.5,16.5,18.75,17.125,15.375,15.375,13.0,13.75,17.75,14.75
365,15.125,15.375,16.5,17.25,15.25,15.875,13.125,12.875,17.125,14.75
366,15.0,14.75,18.625,17.5,14.75,14.375,11.25,12.375,16.75,13.25
367,18.125,18.25,21.875,21.625,17.375,19.0,16.0,17.375,21.625,17.375
368,16.125,15.5,18.25,18.25,14.625,14.875,14.5,12.5,18.5,15.0
369,16.0,14.875,19.75,17.5,14.875,16.375,13.75,14.75,18.25,15.5
370,16.25,16.375,19.375,19.5,16.0,17.0,13.75,14.5,20.125,16.625
371,15.375,15.875,18.75,16.375,15.375,15.5,13.625,13.125,17.25,14.5
372,16.25,14.875,17.5,17.375,13.875,14.5,12.625,11.875,16.875,14.25
373,16.125,15.125,17.625,16.625,14.875,15.25,12.875,12.125,16.375,14.375
374,20.25,18.875,20.75,21.0,17.75,17.375,14.875,15.25,21.25,17.875
375,19.875,18.375,20.625,19.625,18.125,17.875,14.75,15.75,21.125,17.75
376,17.75,16.375,19.125,18.375,16.125,15.875,13.375,12.875,19.75,15.375
377,18.875,17.875,19.625,19.375,17.125,17.5,14.5,15.125,19.875,17.625
378,17.125,16.75,19.5,17.625,17.375,16.875,14.5,14.625,19.0,15.5
379,19.75,19.75,23.75,22.875,20.625,20.75,16.875,17.625,22.75,20.0
380,17.625,17.625,19.75,20.125,17.75,17.625,14.5,14.25,20.125,16.875
381,19.0,18.625,19.125,18.0,16.875,16.625,15.125,14.125,18.625,16.125
382,15.0,14.75,16.625,15.875,14.25,14.25,10.625,11.375,16.625,13.75
383,17.125,17.375,19.0,17.875,17.0,16.625,13.125,13.625,19.0,15.0
384,16.125,15.875,17.75,15.875,14.375,14.625,12.375,13.0,16.625,14.25
385,18.125,17.875,19.5,18.75,16.125,16.0,15.5,14.25,19.5,16.125
386,15.875,15.625,18.0,16.75,15.375,15.125,12.75,12.5,16.625,15.375
387,15.5,15.5,17.375,16.875,15.875,15.125,11.25,13.625,17.125,15.875
388,21.0,19.875,22.875,20.875,20.0,19.125,15.375,17.5,21.75,18.625
389,17.625,17.0,20.25,18.375,17.25,17.25,13.0,15.25,19.625,16.25
390,18.125,17.75,19.375,19.875,16.75,16.75,13.875,15.0,19.875,15.375
391,20.875,20.125,23.125,22.75,20.0,20.5,17.625,18.125,23.5,20.125
392,17.5,18.125,20.375,18.5,16.375,17.375,13.5,14.625,19.625,16.875
393,16.625,15.875,18.5,18.0,14.5,14.75,12.625,13.25,19.0,14.25
394,15.125,14.0,17.25,16.25,13.75,14.0,12.0,12.375,16.875,13.75
395,16.875,17.75,18.125,19.5,14.75,16.0,13.875,14.75,20.0,16.375
396,13.875,13.75,16.125,15.875,13.75,13.875,10.125,11.25,16.625,13.375
397,14.25,14.125,16.625,16.125,14.25,14.5,11.875,12.25,16.125,13.125
398,15.375,14.625,18.0,16.625,15.125,14.625,12.125,12.875,16.875,14.125
399,16.625,15.875,18.5,17.375,15.625,16.0,12.625,13.75,19.0,14.5
400,17.625,17.375,19.25,20.0,16.625,17.0,14.125,15.125,20.0,16.625
401,18.875,18.875,19.75,20.125,17.125,17.375,16.375,16.625,19.875,18.125
402,17.125,17.75,19.0,18.0,15.5,15.5,14.0,14.625,18.25,17.125
403,14.625,15.5,16.625,16.625,13.125,13.125,11.125,12.875,16.75,14.375
404,14.125,15.125,16.0,15.125,12.75,13.25,10.375,11.875,14.875,12.125
405,16.625,16.25,17.125,18.25,14.375,15.5,13.625,13.5,17.75,15.125
406,18.875,16.75,19.375,19.125,16.25,16.625,13.0,14.125,20.0,16.125
407,18.375,17.875,19.25,19.625,16.875,16.75,13.25,14.0,19.125,17.0
408,15.875,17.0,17.5,16.125,15.5,13.875,12.125,12.5,17.5,13.875
409,15.625,17.0,17.375,16.875,13.75,14.125,12.375,13.375,16.5,15.25
410,21.75,22.0,23.375,23.5,19.625,20.875,18.125,17.75,23.375,20.75
411,23.75,22.125,24.375,26.125,21.375,21.75,19.0,20.125,25.875,22.875
412,19.0,16.75,20.375,21.25,17.25,18.375,14.25,16.125,21.0,17.375
413,16.25,16.875,18.875,19.5,16.75,16.875,13.375,14.5,20.0,16.875
414,18.625,16.75,19.625,18.375,16.125,16.75,12.5,14.75,18.875,16.75
415,20.25,19.5,21.875,21.25,18.0,19.5,15.875,16.5,21.875,17.75
416,19.5,18.875,20.75,20.25,18.375,18.625,15.625,15.875,21.875,18.375
417,16.75,15.75,20.375,18.375,17.0,17.75,12.5,13.625,19.5,15.625
418,17.0,16.5,19.25,17.75,15.625,16.25,13.25,13.75,19.75,14.75
419,16.375,16.25,18.875,18.0,15.5,15.375,13.625,14.0,19.125,15.625
420,20.625,20.75,24.25,22.125,20.75,20.75,17.875,17.75,23.125,20.5
421,17.5,16.375,20.25,18.75,15.625,16.0,13.75,14.375,18.75,14.875
422,16.625,17.125,19.125,18.0,15.25,15.625,14.25,14.625,18.25,16.375
423,18.25,17.125,20.125,19.125,16.75,16.75,15.5,15.0,20.25,17.0
424,17.5,16.75,20.0,18.25,15.875,15.25,14.25,14.0,18.875,16.5
425,19.375,19.25,21.875,21.25,19.25,18.375,17.375,16.625,21.625,17.625
426,16.75,15.875,19.75,17.5,16.875,15.875,13.25,13.75,18.5,14.625
427,18.625,18.75,22.125,19.25,17.75,17.625,15.5,16.625,18.625,17.5
428,16.625,17.125,19.0,17.5,16.25,15.375,12.875,14.25,19.125,15.125
429,17.375,16.375,20.0,18.625,16.75,15.625,13.25,14.5,18.5,14.625
430,18.125,16.625,20.0,19.5,16.625,16.125,14.375,14.5,18.375,16.75
431,18.25,17.0,19.625,19.125,15.875,15.0,13.625,15.0,18.75,17.0
432,19.0,18.875,20.25,21.0,18.5,18.5,15.375,16.5,20.5,16.75
433,18.375,17.625,20.0,20.125,17.125,16.75,14.125,14.5,20.125,16.125
434,18.625,17.625,19.0,19.625,17.375,16.375,16.25,14.625,19.375,16.25
435,18.125,17.75,20.375,19.375,18.25,17.375,15.625,15.125,19.875,16.875
436,19.75,20.625,22.25,20.625,19.125,18.75,18.25,16.125,20.625,18.75
437,19.25,20.25,20.875,21.125,18.375,18.875,17.0,15.375,20.375,18.625
438,17.375,16.75,20.0,17.25,17.375,17.0,13.75,13.375,18.0,15.125
439,15.625,17.625,18.0,17.625,15.5,15.875,14.125,12.75,16.875,15.125
440,18.0,19.125,19.875,18.875,17.5,17.625,15.375,15.0,18.5,16.375
441,19.375,18.125,21.375,20.125,17.875,17.375,17.0,15.375,19.25,18.625
442,16.625,17.25,19.0,19.125,15.5,15.375,16.125,14.5,18.375,16.25
443,20.0,19.75,20.75,21.75,18.25,17.25,15.875,15.375,20.0,18.0
444,17.25,17.25,19.375,19.25,15.75,15.25,14.375,14.375,18.375,17.625
445,21.375,21.5,22.75,24.0,21.0,21.0,19.125,19.125,23.375,21.5
446,21.25,21.5,22.75,23.0,20.125,20.375,17.875,17.5,22.5,19.125
447,18.75,19.375,21.25,21.5,19.0,19.25,16.625,18.375,21.75,18.875
448,19.875,20.625,21.0,21.875,19.75,19.25,17.375,17.75,22.75,19.0
449,21.125,20.75,22.375,23.0,19.75,20.5,19.0,19.125,22.875,19.625
450,22.125,21.125,23.875,24.625,21.0,20.875,19.0,19.25,23.625,20.25
451,19.0,18.625,20.375,21.75,18.25,17.5,15.375,16.5,20.5,17.75
452,19.375,19.125,22.375,21.0,17.25,17.625,16.125,16.625,21.0,17.875
453,21.125,20.375,21.5,22.625,18.0,18.125,17.75,18.0,22.625,18.75
454,18.25,18.125,20.125,19.25,15.625,16.25,15.0,15.625,18.875,14.625
455,19.375,20.375,21.0,22.25,18.5,18.875,17.25,16.875,21.875,19.125
456,14.875,14.375,16.0,17.125,13.625,14.0,11.5,12.0,16.5,13.375
457,18.0,18.875,19.0,19.75,17.125,16.25,15.0,15.375,18.5,16.875
458,19.125,19.125,22.5,21.5,18.5,17.875,16.875,17.0,21.875,18.875
459,20.5,20.25,23.75,23.625,19.75,20.125,18.125,18.0,22.875,20.125
460,20.0,20.0,21.375,22.625,19.25,18.625,16.25,16.125,21.75,19.25
461,19.625,18.75,19.75,22.875,18.25,18.125,16.75,16.125,21.375,18.625
462,19.0,19.625,19.375,21.375,18.25,17.375,16.875,16.25,21.125,18.75
463,19.375,19.875,20.375,21.25,18.375,17.875,17.375,16.625,20.0,18.5
464,18.125,18.125,19.25,19.125,17.875,17.5,15.75,15.375,19.25,16.625
465,20.5,19.25,21.375,22.375,20.875,19.875,17.5,17.75,21.75,19.75
466,21.125,19.75,21.5,22.125,19.625,19.375,17.0,18.0,21.125,19.625
467,16.875,18.0,19.25,18.375,15.75,15.5,14.0,14.875,17.625,15.25
468,18.5,17.5,20.5,18.875,17.75,16.5,14.0,15.5,19.375,16.25
469,19.0,19.375,20.375,20.125,19.125,18.625,16.125,17.0,20.25,17.125
470,19.25,19.0,20.375,21.5,17.5,17.875,15.25,17.0,20.75,17.0
471,20.125,17.625,21.875,21.125,19.125,17.75,15.625,16.875,21.625,17.625
472,18.25,17.75,19.75,20.625,16.875,16.75,15.125,15.5,20.375,15.875
473,20.25,21.75,21.5,21.25,19.0,18.75,18.0,17.875,21.125,20.5
474,20.375,18.25,22.125,20.25,17.75,17.625,16.5,16.875,20.75,17.25
475,18.875,17.625,19.125,18.75,16.25,16.125,14.875,14.0,18.625,15.625
476,17.0,15.375,18.875,16.5,15.125,15.125,12.75,12.375,16.875,14.875
477,16.25,14.625,18.75,15.875,15.375,15.25,11.75,13.125,17.125,14.125
478,17.0,15.5,18.125,16.875,15.875,15.875,13.75,13.125,17.375,14.75
479,19.375,18.75,21.625,20.75,19.375,18.125,16.75,16.75,20.875,17.875
480,19.5,19.5,21.125,21.625,19.0,18.25,16.875,17.125,20.5,18.375
481,18.875,17.125,19.0,18.75,17.0,16.125,15.5,15.0,18.625,15.125
482,18.625,18.25,20.125,19.125,17.125,16.875,16.875,15.5,19.625,16.0
483,18.375,18.625,19.875,19.0,17.875,17.375,15.75,15.5,20.375,16.125
484,18.875,16.625,19.5,18.125,15.625,16.75,15.625,15.0,18.875,16.5
485,20.0,17.625,20.25,19.875,17.0,17.5,15.75,16.75,21.125,17.375
486,15.125,13.75,17.0,15.125,14.875,13.625,11.0,12.375,17.5,14.125
487,18.0,17.0,18.5,19.375,16.125,15.625,14.125,14.5,19.5,16.375
488,17.625,17.625,17.875,18.5,17.625,16.25,14.375,14.0,18.75,16.875
489,19.625,19.5,21.75,20.5,17.75,17.375,15.5,17.375,21.875,17.375
490,17.125,18.25,18.25,18.875,15.0,14.625,13.25,13.375,18.125,15.5
491,16.625,17.25,17.375,18.5,13.75,14.125,14.75,13.125,18.0,16.125
492,18.875,20.375,20.375,20.25,16.5,16.5,17.875,16.125,19.5,17.5
493,20.125,21.75,22.625,21.375,18.75,18.5,18.0,18.25,22.0,18.875
494,19.5,19.625,21.125,20.0,17.625,17.625,16.25,15.375,20.25,18.375
495,20.25,22.0,21.5,21.875,19.375,19.75,16.375,17.875,22.875,19.375
496,20.25,20.375,21.25,21.625,18.625,18.875,16.875,16.25,21.875,19.75
497,20.0,20.25,21.625,21.25,18.625,18.75,18.25,17.625,21.125,18.75
498,16.0,16.125,17.875,17.5,15.875,15.125,12.75,13.75,18.125,16.0
499,18.0,18.75,20.25,19.5,17.125,17.125,15.375,15.625,19.875,16.625
500,20.375,20.875,22.125,23.125,19.25,19.5,17.25,18.25,22.5,20.0
501,19.25,19.625,20.75,20.125,17.75,17.375,16.625,17.625,20.875,19.0
502,16.5,17.5,17.625,18.75,14.875,14.375,14.5,14.0,18.125,16.0
503,18.125,20.75,21.125,20.625,18.25,18.375,16.875,16.5,20.625,19.125
504,19.875,18.75,20.625,21.25,18.375,18.0,16.375,16.25,21.25,19.125
505,19.875,20.625,20.5,21.0,18.125,18.0,16.25,17.625,20.625,19.0
506,21.0,19.625,22.0,22.25,19.5,19.25,16.625,16.5,22.5,20.0
507,18.75,18.75,19.25,19.375,17.625,16.625,14.25,14.75,19.375,15.875
508,19.375,20.0,19.625,20.125,19.375,18.5,16.375,16.375,20.0,17.75
509,19.5,20.5,20.625,21.375,19.125,19.375,18.375,18.5,21.125,18.875
510,24.625,25.125,25.5,25.875,23.125,23.125,21.25,22.25,26.375,24.5
511,20.875,21.0,22.5,21.75,19.5,19.875,18.125,18.0,22.625,19.875
512,19.5,18.875,20.125,20.125,17.625,17.5,15.625,15.75,20.125,18.125
513,21.5,22.0,22.375,21.625,19.75,19.875,19.5,17.625,20.875,20.375
514,22.625,22.75,24.125,24.25,20.125,20.625,19.5,19.75,23.5,21.875
515,22.75,21.25,23.0,23.25,20.5,20.125,18.75,18.5,22.75,20.625
516,20.625,19.0,21.0,20.75,18.0,17.875,15.625,15.5,21.25,19.625
517,18.5,19.75,19.25,19.125,17.875,17.75,16.0,14.0,18.5,17.875
518,20.75,21.625,23.0,22.125,19.875,20.5,18.375,17.5,23.0,20.25
519,18.0,18.5,19.625,20.0,16.875,16.875,15.0,15.625,19.75,17.5
520,19.375,19.625,21.375,20.875,18.375,18.375,16.25,16.375,20.875,18.25
521,17.0,17.375,19.875,17.625,17.0,16.75,12.625,13.0,18.25,15.25
522,19.875,18.25,21.375,21.0,19.0,18.625,15.5,15.625,21.5,17.5
523,19.375,19.875,21.375,21.125,19.0,18.625,16.375,15.5,21.5,19.125
524,16.375,18.0,19.75,19.0,15.875,16.875,14.625,14.5,18.875,17.0
525,24.25,23.25,25.5,24.375,22.5,23.0,20.75,20.75,24.75,23.125
526,18.375,17.875,19.75,19.0,16.75,17.0,16.5,15.25,18.0,17.375
527,20.875,21.375,23.5,21.875,20.875,21.125,18.375,18.5,21.75,21.375
528,21.625,20.75,22.875,22.875,20.625,20.875,17.5,18.5,23.0,21.0
529,17.375,17.375,18.375,19.625,16.75,17.125,15.125,14.625,19.125,16.75
530,20.25,21.25,23.625,22.625,20.375,21.125,18.25,20.25,22.25,19.5
531,20.125,20.5,22.25,21.5,19.625,20.125,18.375,18.375,21.25,19.25
532,23.0,23.375,23.125,23.5,22.125,21.75,19.375,19.0,23.0,21.5
533,20.75,21.5,21.0,21.5,19.375,19.75,16.875,17.875,22.125,19.5
534,26.25,25.125,26.75,26.125,23.75,23.625,22.125,22.875,26.625,23.625
535,20.75,20.75,21.75,21.125,19.875,19.875,19.25,17.75,21.375,20.25
536,17.5,16.0,17.75,17.375,16.25,16.25,13.0,12.875,18.25,15.375
537,18.0,17.125,18.25,17.875,15.875,15.875,13.75,13.375,17.625,15.875
538,19.25,19.625,20.5,19.375,17.75,18.75,16.625,15.25,20.0,17.375
539,16.5,15.875,19.125,17.5,16.625,16.375,14.25,13.75,18.25,15.0
540,19.625,19.875,21.75,21.25,18.375,18.75,16.375,17.125,21.0,18.5
541,19.625,21.0,22.625,21.875,18.5,19.0,18.375,17.25,21.375,18.875
542,20.0,20.75,22.25,21.75,18.625,18.875,16.75,16.0,22.125,19.125
543,21.25,22.25,22.75,23.0,20.25,20.375,17.875,17.125,22.375,20.0
544,20.375,22.125,22.75,21.75,18.375,18.25,18.25,16.375,21.375,20.0
545,17.75,17.375,19.0,18.5,16.125,16.0,15.375,14.625,17.875,15.625
546,20.375,20.75,21.125,20.5,18.125,18.125,17.375,15.875,20.0,19.75
547,19.375,19.875,21.25,20.75,18.625,17.875,16.125,15.75,20.375,19.5
548,19.625,19.5,20.0,19.25,18.125,17.375,15.875,15.75,20.125,17.75
549,17.375,18.875,19.0,19.25,16.5,16.5,14.5,15.125,19.25,16.75
550,20.875,21.75,22.125,24.0,18.625,20.125,17.875,18.375,22.25,19.5
551,21.5,20.25,21.875,22.625,18.75,19.625,17.625,17.75,22.75,21.25
552,16.5,17.125,18.0,18.125,16.0,15.625,13.625,14.125,18.25,17.0
553,19.125,19.25,20.0,19.75,17.25,18.25,16.5,17.375,19.875,18.5
554,21.625,22.25,22.625,22.0,19.625,20.875,19.375,18.875,22.875,19.625
555,21.25,21.625,21.75,23.125,20.875,21.0,17.0,17.0,22.125,20.875
556,17.125,16.125,18.25,17.0,15.875,15.375,12.5,12.5,17.25,14.375
557,21.75,21.375,23.375,21.125,20.25,20.375,17.625,16.625,21.0,18.875
558,21.125,21.375,23.875,21.5,20.625,19.875,17.625,17.0,22.0,20.5
559,20.75,22.0,22.625,22.125,18.875,20.75,18.625,18.25,20.875,20.0
560,20.25,20.0,20.375,20.75,17.25,18.375,15.875,16.25,20.0,17.5
561,19.375,17.0,19.25,19.125,16.0,16.5,14.0,14.0,18.625,16.125
562,17.125,18.125,17.625,18.75,15.125,15.625,14.0,12.75,18.25,15.5
563,20.5,21.375,23.0,23.0,20.125,21.0,17.875,18.625,22.0,21.0
564,18.75,19.0,21.0,20.25,18.25,18.75,17.0,16.875,20.25,18.875
565,15.625,17.875,16.625,16.75,15.125,15.5,14.75,14.125,16.5,16.25
566,16.375,17.5,17.0,18.125,14.75,14.875,12.625,13.375,17.875,15.75
567,19.25,19.25,20.75,20.875,17.125,18.125,16.25,16.375,20.375,19.0
568,17.125,18.375,18.625,19.0,16.125,16.625,14.25,13.5,18.125,16.875
569,13.875,15.75,17.375,16.5,13.375,14.5,12.0,13.125,16.125,14.375
570,19.75,22.625,23.625,23.5,19.375,20.625,16.75,19.75,22.75,20.0
571,18.375,17.375,20.0,19.625,16.875,17.125,14.875,15.0,18.25,16.375
572,17.25,16.125,18.25,18.5,15.0,15.75,13.25,13.0,17.375,15.125
573,19.25,19.5,21.0,19.75,17.5,17.875,15.75,16.125,19.0,16.625
574,20.0,19.625,22.25,20.0,17.875,18.375,14.25,16.5,20.625,16.0
575,20.25,20.875,23.5,21.125,19.125,20.0,16.875,17.625,20.5,19.375
576,20.0,17.625,20.75,19.375,18.75,18.125,15.875,15.25,18.625,18.375
577,17.375,16.5,20.125,18.0,18.25,18.25,13.25,14.25,18.75,17.125
578,16.75,17.0,18.375,18.125,15.5,16.375,14.25,13.5,17.625,15.375
579,17.125,17.5,21.75,20.5,18.0,18.625,15.25,16.0,21.5,17.75
580,19.5,21.375,23.125,23.625,20.375,20.625,17.125,19.125,23.125,19.625
581,18.875,18.625,21.75,20.75,17.75,17.875,15.5,15.25,20.375,16.875
582,18.625,19.0,20.5,20.5,17.0,17.125,16.25,14.875,19.75,17.25
583,20.25,21.625,21.25,21.75,19.375,20.0,17.875,16.875,22.375,18.875
584,17.625,17.75,21.25,19.0,16.5,18.125,14.0,14.75,19.875,16.75
585,20.75,20.375,23.125,22.125,20.25,20.625,16.625,17.625,22.5,20.0
586,16.375,16.0,19.25,18.0,16.25,16.625,13.0,14.125,18.5,15.125
587,18.0,17.75,19.25,18.5,17.25,16.875,14.25,15.0,18.5,16.5
588,21.875,21.75,22.75,22.0,20.25,19.25,18.25,18.0,22.625,20.25
589,19.125,20.625,21.875,21.0,19.625,19.125,17.625,18.875,22.125,19.25
590,17.375,18.25,19.375,20.125,17.0,17.375,13.5,15.875,19.75,17.0
591,18.875,19.5,21.25,19.875,17.25,17.5,17.0,15.75,21.0,17.75
592,19.375,19.75,22.5,21.125,19.125,19.5,18.0,17.5,21.5,19.625
593,17.625,18.5,18.625,19.25,16.75,16.75,14.875,13.75,19.5,16.875
594,17.625,18.375,19.25,19.375,17.375,17.375,16.125,14.875,19.5,16.875
595,16.5,18.0,18.375,19.875,15.125,15.875,14.375,14.25,18.75,15.75
596,13.875,14.125,16.375,16.25,14.625,14.25,12.0,11.125,16.5,13.875
597,18.125,17.625,19.5,20.0,18.625,18.0,16.0,14.25,20.5,17.0
598,18.125,18.5,20.875,20.5,19.5,18.625,16.125,15.875,20.625,17.125
599,19.625,18.375,21.5,21.0,19.375,19.375,16.0,16.5,21.625,18.125
600,18.875,18.75,20.75,21.625,18.625,19.0,15.875,16.625,22.0,19.0
601,19.0,20.0,21.625,19.0,17.625,17.375,17.0,17.625,19.625,19.25
602,16.375,15.75,16.75,17.0,14.5,14.75,14.125,13.0,17.125,15.625
603,16.5,16.5,18.0,17.25,14.125,15.5,12.875,14.875,18.5,14.25
604,16.75,16.875,19.375,18.25,15.875,16.5,13.75,14.625,18.75,16.625
605,16.5,16.0,19.0,18.0,15.75,16.0,14.5,14.375,18.0,15.125
606,18.625,19.0,19.75,20.25,19.0,19.0,16.25,15.625,19.75,18.75
607,18.25,19.5,20.875,19.625,17.75,18.125,17.5,16.25,19.5,18.75
608,18.25,18.375,19.125,17.875,17.875,16.875,14.625,14.125,18.75,16.875
609,17.875,18.25,19.5,19.25,18.625,18.25,15.375,15.75,20.125,17.625
610,20.125,20.25,21.75,21.375,18.5,19.0,18.375,17.375,21.5,19.75
611,20.125,18.0,21.875,21.625,18.375,18.25,17.125,16.625,21.375,19.5
612,18.125,17.375,20.5,19.25,16.625,16.625,15.5,14.75,20.0,18.0
613,19.0,19.875,21.25,21.375,18.5,19.5,17.0,16.25,21.0,20.375
614,17.125,16.625,19.375,17.375,17.5,16.375,12.875,12.5,19.0,15.75
615,16.0,15.125,17.375,16.5,14.25,14.75,12.125,12.375,17.0,15.25
616,18.625,17.5,20.875,19.0,17.5,17.5,15.875,15.125,19.875,17.625
617,16.875,18.125,19.875,19.125,17.375,17.375,15.25,14.75,18.25,16.5
618,18.0,18.375,19.5,18.875,15.125,15.5,14.125,14.5,17.875,16.375
619,15.625,15.75,18.25,16.875,15.75,15.25,13.0,13.875,18.125,15.375
620,18.375,18.375,20.75,20.25,17.625,19.0,15.875,16.625,20.125,19.0
621,17.25,16.25,18.375,16.5,16.5,16.375,14.375,13.5,17.875,16.125
622,18.375,19.0,20.0,19.75,17.375,17.25,15.625,15.375,19.125,17.125
623,22.125,21.75,24.125,23.0,21.125,21.25,18.5,19.125,23.625,22.625
624,20.875,21.125,24.5,21.375,20.125,20.5,17.75,17.875,22.625,22.25
625,21.25,22.0,23.125,21.75,20.375,20.5,17.75,18.625,22.5,21.25
626,17.375,19.25,20.875,20.125,17.625,17.5,16.125,15.25,19.875,18.25
627,22.0,22.0,21.625,23.5,21.5,20.75,19.0,18.125,23.75,21.25
628,22.25,23.375,24.125,24.5,22.75,22.25,20.125,20.125,25.75,22.0
629,18.75,19.625,20.25,21.625,18.125,17.5,16.0,16.5,22.5,18.25
630,22.375,22.875,23.75,24.5,21.375,21.5,19.0,20.125,24.125,21.625
631,22.875,21.125,22.875,23.125,20.625,20.75,18.875,18.25,23.0,20.375
632,23.0,22.375,24.25,23.75,21.875,21.375,21.25,19.625,24.125,22.875
633,22.875,22.125,23.125,23.625,20.75,20.875,18.0,19.375,23.25,22.0
634,20.5,20.875,22.375,22.0,18.625,19.625,18.0,18.0,22.375,19.0
635,19.875,20.5,21.25,20.5,17.625,17.5,16.625,16.75,20.875,18.5
636,20.75,20.875,23.5,22.625,20.5,21.0,17.75,17.5,21.625,20.25
637,20.5,21.0,21.625,21.75,19.625,19.375,16.5,17.0,21.625,19.5
638,23.0,24.5,24.625,22.5,22.375,21.375,20.0,18.625,23.375,22.125
639,18.625,20.125,20.875,20.75,17.625,18.625,17.25,16.375,21.625,18.25
640,16.875,19.875,20.375,19.0,18.625,18.0,15.375,15.375,19.625,16.0
641,17.125,17.625,19.75,18.75,17.0,17.125,14.75,14.375,19.125,15.625
642,18.75,18.0,20.125,20.875,18.5,16.875,16.875,15.5,20.625,18.25
643,18.375,20.375,20.125,20.0,17.5,17.125,15.25,15.875,20.0,17.75
644,18.375,18.75,22.125,18.25,19.375,18.125,15.75,15.0,18.875,17.875
645,19.75,20.875,21.375,21.125,19.125,17.875,16.375,17.75,20.5,19.125
646,19.0,19.125,21.25,19.5,18.75,18.5,17.625,16.875,20.5,18.625
647,17.5,18.875,19.0,20.125,16.625,16.0,15.25,15.25,19.5,17.375
648,21.75,21.25,22.25,22.75,20.625,20.25,19.125,18.875,22.375,20.25
649,18.375,18.375,19.75,19.625,17.625,17.25,15.25,16.75,20.625,16.75
650,19.375,19.75,19.625,20.875,17.125,18.375,15.625,15.875,20.75,18.375
651,20.25,19.75,21.75,19.375,19.375,19.25,17.75,16.25,20.125,18.875
652,17.25,18.125,18.5,16.625,15.25,15.0,14.0,13.5,18.5,16.75
653,19.375,20.125,20.875,21.375,18.125,18.5,16.75,16.75,21.125,18.625
654,15.875,16.5,18.25,16.625,13.625,14.625,14.375,14.25,16.875,14.0
655,19.375,21.25,21.25,20.75,17.5,18.125,16.5,16.75,21.125,18.125
656,20.125,19.875,21.125,20.75,18.0,19.125,17.5,15.75,20.375,19.125
657,20.125,20.25,20.5,20.125,18.375,18.125,16.875,15.25,19.25,18.0
658,19.625,19.75,21.5,19.625,18.875,18.875,16.25,15.5,21.25,18.0
659,20.5,20.375,22.875,22.25,19.0,19.25,18.875,18.375,22.375,19.0
660,20.625,21.125,21.875,22.25,19.375,19.375,17.375,17.75,21.5,19.25
661,18.625,17.5,20.0,20.75,17.5,17.75,16.25,15.5,19.875,17.75
662,19.625,20.5,22.25,21.75,19.125,19.5,17.25,17.25,20.75,19.25
663,19.875,20.0,22.875,21.75,20.0,20.25,17.75,17.75,22.0,20.875
664,16.25,17.375,20.375,18.0,17.0,18.125,14.0,14.0,18.75,15.875
665,18.875,19.375,20.5,19.5,18.625,18.75,16.375,15.5,19.75,17.75
666,16.125,18.875,19.875,17.75,17.25,16.375,14.75,13.5,18.0,16.625
667,19.25,18.875,20.125,20.0,17.375,17.625,16.125,15.5,19.0,17.75
668,19.375,18.375,21.5,20.25,17.875,18.0,16.375,15.625,19.875,17.875
669,18.5,18.25,21.25,19.5,18.75,18.25,16.5,17.375,20.125,17.875
670,21.125,20.625,23.375,23.375,19.75,20.875,18.5,20.25,23.375,20.5
671,22.625,21.75,24.625,24.375,21.25,21.25,19.5,21.125,24.375,21.0
672,18.375,17.5,20.75,20.5,17.0,18.375,14.5,15.25,20.5,17.25
673,18.75,19.75,20.625,20.375,17.25,18.375,15.75,15.875,20.625,18.75
674,18.75,19.5,20.125,20.375,17.375,17.625,15.75,16.5,20.5,17.875
675,21.375,20.375,23.0,22.75,20.125,20.0,18.875,18.5,22.25,19.75
676,21.125,20.0,23.25,22.125,21.125,19.75,17.625,16.875,22.0,20.0
677,16.5,15.5,18.5,18.25,15.75,16.125,13.125,13.625,17.125,16.25
678,17.25,17.75,18.625,18.75,16.875,15.875,14.25,14.25,17.5,15.5
679,18.375,19.625,22.125,20.75,19.5,19.125,17.5,17.125,21.625,18.375
680,18.625,19.125,21.0,20.625,18.75,18.25,16.0,16.25,20.0,18.0
681,21.125,21.25,23.5,21.0,20.375,20.375,17.75,17.625,22.125,19.75
682,21.5,21.875,23.375,21.5,20.5,20.375,19.0,18.5,22.625,21.125
683,14.875,16.25,17.5,16.375,13.875,14.5,12.125,12.25,17.75,14.75
684,19.0,19.625,22.375,21.0,18.5,19.25,16.625,17.375,21.125,19.375
685,21.5,21.125,22.25,23.125,19.375,20.625,18.875,18.625,23.25,20.875
686,19.25,18.75,21.25,20.0,18.5,18.625,16.5,16.5,20.25,18.5
687,17.25,16.875,18.25,18.0,15.75,16.25,14.125,14.25,18.875,16.5
688,20.125,19.625,22.0,20.875,18.375,17.75,16.5,18.0,21.75,18.625
689,19.0,20.125,21.875,21.375,18.625,18.375,16.0,18.25,21.75,18.0
690,20.75,20.25,22.25,22.125,19.375,18.875,16.625,17.375,22.875,19.375
691,21.125,19.75,23.125,21.5,20.125,19.375,18.0,18.875,24.25,18.875
692,19.375,18.625,21.125,21.125,17.625,17.75,16.75,16.125,21.125,19.0
693,18.875,17.75,20.5,20.875,18.0,17.875,15.625,15.5,20.625,18.625
694,19.0,19.625,22.5,21.375,20.125,19.5,16.75,18.625,22.25,19.875
695,21.625,22.0,22.625,23.75,21.25,20.625,20.25,19.375,23.75,21.875
696,17.75,17.625,20.125,19.25,18.25,17.5,15.25,15.625,20.375,16.875
697,18.0,17.375,19.75,18.5,16.75,16.625,14.875,15.625,20.125,17.625
698,19.625,20.0,21.625,20.25,19.25,18.125,16.625,17.0,20.5,19.125
699,19.375,19.25,21.375,20.25,19.75,19.125,16.25,16.375,20.375,17.75
700,21.25,20.875,23.375,24.375,21.5,21.75,18.0,19.375,24.5,20.75
701,21.75,21.5,24.5,21.75,21.75,21.125,19.0,18.875,23.375,21.0
702,22.5,22.375,24.375,24.5,22.0,21.125,19.875,21.0,24.625,22.25
703,20.125,21.625,23.625,22.375,20.625,19.5,17.875,18.5,22.25,20.0
704,15.875,15.75,19.375,17.25,16.0,14.875,14.25,14.125,17.875,15.75
705,21.5,20.875,24.125,24.5,21.875,21.125,19.625,19.875,24.5,21.125
706,19.125,18.875,21.875,21.0,18.375,17.5,16.0,15.875,20.5,18.125
707,23.625,23.375,25.0,24.375,24.25,23.125,20.25,19.75,24.875,22.5
708,19.125,18.875,21.625,20.25,18.0,17.125,15.375,16.5,20.0,17.0
709,19.5,19.75,22.375,22.375,20.125,19.375,17.5,17.75,21.75,18.875
710,22.0,22.5,24.125,23.25,21.5,20.25,19.25,19.0,23.625,21.125
711,21.875,20.375,22.5,22.625,19.375,19.125,18.25,17.5,22.125,19.375
712,21.75,20.75,24.625,21.625,21.5,21.125,19.375,18.5,22.5,19.75
713,19.625,20.375,22.25,19.875,19.25,17.875,17.875,16.625,20.125,18.75
714,19.375,18.625,21.5,21.0,18.5,18.25,15.625,15.625,20.75,17.875
715,19.875,20.625,22.0,21.25,19.5,18.75,16.75,17.375,20.625,18.375
716,19.5,18.625,20.875,20.0,18.0,17.625,16.125,16.0,21.0,17.625
717,17.625,16.875,19.75,18.875,17.125,17.25,14.25,14.625,18.5,17.5
718,20.5,19.25,22.625,21.5,17.875,18.875,18.0,16.75,20.75,19.125
719,17.875,18.0,22.625,19.875,19.25,19.125,17.375,16.375,20.75,18.125
720,24.125,23.125,25.875,26.375,23.625,23.375,21.125,21.125,25.375,23.75
721,20.75,19.75,22.25,21.375,18.625,19.125,17.125,16.875,21.375,19.5
722,20.75,19.125,22.625,21.875,19.625,19.875,17.0,16.125,22.375,20.0
723,20.75,20.0,23.5,22.25,21.0,19.875,17.625,18.125,21.875,19.625
724,19.75,19.625,22.625,21.25,18.75,18.75,16.375,16.625,21.5,18.75
725,21.875,21.125,23.875,23.375,20.5,20.625,20.25,19.625,23.625,20.375
726,19.125,18.25,22.375,20.125,19.375,18.875,17.5,16.5,21.125,18.875
727,20.25,17.75,21.125,20.375,17.875,17.0,17.125,15.375,20.0,19.0
728,18.5,18.625,21.375,19.0,17.875,18.0,14.875,15.125,20.5,17.875
729,19.75,19.125,23.25,21.0,19.5,19.5,17.0,17.5,21.5,19.625
730,19.125,18.25,22.375,20.125,19.25,18.625,15.5,16.125,19.75,17.625
731,19.125,19.25,21.5,19.875,18.25,17.5,14.625,15.75,20.125,17.25
732,17.25,18.0,18.625,19.0,15.5,16.125,13.125,13.25,19.5,15.375
733,18.5,19.0,20.75,19.25,17.5,17.125,15.25,15.125,19.75,17.25
734,20.125,21.5,23.125,21.5,18.875,18.625,17.375,18.0,21.625,19.25
735,19.25,18.625,21.5,19.75,18.375,18.375,16.25,15.875,20.0,18.25
736,19.625,18.25,21.5,19.75,19.125,19.75,15.125,14.625,21.375,16.875
737,17.875,16.875,19.0,17.0,16.375,16.0,14.625,13.125,17.875,15.625
738,19.0,17.125,20.375,17.25,16.375,16.5,14.75,14.125,18.625,15.125
739,21.625,21.125,22.875,22.5,20.375,20.5,17.25,17.25,22.625,18.25
740,19.125,18.875,20.625,20.125,17.625,18.125,15.75,15.375,20.375,17.0
741,18.125,17.0,20.25,18.375,16.0,15.75,14.5,14.5,17.625,15.75
742,19.75,20.375,22.25,20.0,19.5,19.875,15.625,15.25,21.625,18.75
743,19.375,20.875,21.25,20.875,17.75,17.75,15.5,14.75,21.625,18.625
744,17.875,17.625,19.125,19.25,16.875,16.625,14.625,14.5,19.625,17.625
745,16.125,16.25,18.0,16.25,14.75,14.375,12.5,12.25,17.25,14.25
746,20.0,20.0,21.875,20.5,18.25,19.25,16.875,16.0,21.375,20.375
747,17.375,15.5,19.25,18.375,16.375,17.25,14.0,13.875,18.0,17.75
748,18.25,17.5,18.25,19.25,16.875,17.375,14.375,14.375,20.375,17.875
749,20.625,21.125,20.875,20.875,18.5,19.25,17.25,17.0,21.375,17.875
750,19.625,19.0,20.125,20.0,17.375,17.625,15.5,15.5,20.25,17.125
751,19.0,18.25,20.625,18.75,18.25,18.0,15.0,14.0,19.375,16.5
752,16.75,17.625,19.5,17.25,14.5,15.875,13.5,12.0,18.25,15.5
753,17.5,17.75,20.375,17.125,15.875,16.25,14.125,14.75,18.125,16.625
754,18.5,17.375,21.125,18.75,17.0,17.875,14.375,14.875,20.125,16.5
755,17.375,19.0,18.875,17.25,14.75,15.0,13.0,12.875,17.75,14.25
756,18.0,16.0,19.25,17.125,15.75,16.125,12.5,11.5,18.5,15.0
757,17.875,17.5,18.625,17.5,15.75,15.375,13.75,12.75,17.875,15.75
758,21.875,21.125,23.375,21.75,19.5,19.25,17.375,16.125,22.375,19.5
759,21.0,21.25,23.125,22.125,19.25,19.375,17.875,16.875,21.875,20.125
760,21.75,21.375,23.125,22.75,19.375,19.875,17.625,16.875,22.125,19.75
761,17.875,17.0,19.625,18.75,15.0,15.75,13.875,13.875,18.375,16.0
762,19.125,18.125,19.875,19.25,15.75,16.25,14.875,14.25,19.375,16.375
763,19.25,19.375,20.875,18.375,17.0,17.0,16.25,16.625,19.875,18.125
764,19.875,19.875,21.75,21.5,19.375,19.75,16.5,17.625,22.625,18.875
765,16.875,16.625,18.0,16.625,16.625,15.75,13.25,13.625,18.25,15.375
766,18.5,18.75,19.5,18.625,17.125,17.75,14.75,14.0,19.25,18.625
767,20.0,20.625,22.0,20.375,19.25,19.0,16.625,16.625,21.875,20.375
768,16.875,15.75,18.125,16.5,15.875,15.875,12.375,13.25,17.625,14.625
769,17.875,16.375,18.75,17.875,15.5,16.375,15.125,14.75,17.375,16.125
770,21.25,20.75,22.125,22.125,18.625,20.875,17.75,17.625,21.375,18.5
771,19.25,18.0,20.25,19.375,15.0,16.5,13.875,14.0,19.375,15.375
772,18.75,16.625,20.625,19.375,16.0,17.75,14.375,14.0,19.25,16.125
773,18.875,17.625,19.875,16.75,14.875,16.5,14.375,13.0,17.0,16.625
774,17.25,17.375,18.375,17.625,16.25,16.875,14.5,13.75,17.0,15.375
775,16.375,18.0,19.375,17.625,14.375,15.75,14.0,12.75,17.25,15.5
776,17.125,16.625,19.375,17.75,14.75,16.0,13.0,11.75,17.75,15.0
777,17.0,17.125,19.0,17.0,14.75,15.375,13.625,13.375,16.25,14.875
778,21.25,21.375,23.875,21.75,19.625,20.125,18.875,18.625,23.125,19.125
779,19.75,17.875,21.125,20.25,19.25,19.875,16.5,14.5,21.5,18.0
780,21.125,20.75,23.625,22.875,19.5,21.875,17.125,17.75,22.875,19.625
781,18.5,18.0,18.625,17.625,15.125,16.125,14.75,13.875,18.0,14.5
782,19.75,18.875,20.625,20.625,17.125,18.125,15.375,14.5,20.75,16.75
783,17.375,15.75,17.875,17.0,14.625,14.625,12.125,12.0,17.75,14.75
784,17.5,16.375,17.625,16.375,15.375,14.625,11.75,11.25,17.5,14.875
785,18.875,18.625,20.75,18.125,17.375,17.125,15.125,14.125,19.375,15.75
786,16.25,13.875,17.625,15.75,13.25,13.125,11.0,11.375,16.625,13.75
787,16.75,15.5,17.0,15.75,15.0,14.5,12.375,12.5,17.5,14.75
788,20.875,19.75,21.375,21.0,18.5,18.75,16.375,16.625,21.875,18.5
789,19.875,20.5,21.5,20.75,18.25,19.75,16.625,18.0,21.625,17.75
790,19.125,19.25,21.875,20.375,18.5,19.25,16.125,16.375,20.375,17.5
791,22.0,21.125,24.75,21.625,19.875,20.125,17.125,16.75,22.25,18.75
792,21.0,19.5,22.875,21.375,18.625,19.75,17.25,17.125,22.375,17.75
793,17.625,19.375,21.5,20.0,17.5,18.125,16.25,15.5,20.125,16.875
794,19.0,20.0,21.25,19.875,18.0,19.0,16.875,16.0,19.875,16.75
795,17.125,18.5,19.75,17.375,15.625,15.875,15.25,15.0,18.375,15.125
796,16.875,17.875,19.625,18.75,16.5,16.875,14.5,13.625,20.0,16.875
797,16.375,16.625,17.25,16.75,14.75,14.625,12.875,12.5,17.625,14.875
798,16.375,17.5,18.875,17.25,15.625,15.5,14.625,14.625,17.125,15.75
799,19.625,21.5,22.375,20.875,19.125,18.875,17.375,17.125,21.875,18.875
800,17.875,20.375,19.625,19.5,16.875,17.25,14.375,14.5,19.5,16.375
801,16.75,18.625,19.375,16.5,15.875,16.125,13.625,14.5,17.5,16.625
802,17.5,19.75,18.5,17.5,16.625,16.5,14.5,14.125,18.875,17.125
803,16.125,20.125,18.375,16.625,16.125,16.125,14.875,13.0,17.25,15.875
804,17.5,19.125,19.0,17.375,16.25,16.0,14.625,13.5,18.625,16.625
805,19.75,20.5,22.75,19.5,18.625,18.25,15.75,16.0,20.625,18.375
806,19.25,19.875,20.75,19.75,17.25,18.125,16.375,15.375,20.375,18.75
807,19.875,19.875,21.5,20.125,17.375,17.625,16.75,15.75,20.0,18.75
808,18.0,18.375,19.0,18.0,16.0,15.125,12.875,13.25,17.75,16.125
809,17.75,18.75,20.125,18.0,16.5,17.375,15.0,15.25,18.0,17.375
810,18.0,20.125,19.625,18.875,15.25,15.875,13.875,14.75,19.25,16.0
811,18.25,18.5,19.25,18.0,15.0,16.0,14.75,13.25,18.75,16.0
812,22.875,23.125,23.0,21.125,19.5,20.375,18.25,17.25,22.5,19.5
813,17.875,19.0,19.5,18.375,16.125,16.625,13.25,12.25,18.125,17.375
814,17.625,19.5,21.625,17.875,16.625,17.25,15.125,14.75,19.0,16.625
815,20.875,22.125,23.875,21.75,19.375,20.375,17.5,18.0,22.625,18.75
816,16.25,17.625,18.375,14.75,14.875,15.5,12.25,12.0,17.375,14.75
817,20.375,21.75,23.625,20.625,20.375,20.25,16.625,16.625,22.875,19.125
818,19.25,20.25,22.25,19.125,16.875,17.25,16.25,15.875,20.125,17.125
819,20.75,22.25,23.25,20.0,18.5,18.625,17.375,17.0,20.75,18.75
820,19.625,21.25,21.625,20.125,17.625,18.125,15.5,15.625,20.25,18.125
821,18.375,21.25,20.75,18.625,16.875,17.625,16.25,15.5,19.125,16.25
822,19.125,21.5,21.5,19.75,17.375,17.375,16.75,16.125,20.375,17.5
823,17.0,20.75,20.5,18.625,16.625,16.75,16.0,14.5,18.875,16.375
824,17.0,18.875,19.125,17.25,15.25,16.0,13.75,13.5,18.375,16.5
825,21.5,21.5,23.0,21.875,20.125,19.625,18.375,17.875,23.125,19.375
826,18.875,19.75,20.125,18.5,17.125,17.0,14.625,13.25,19.75,16.75
827,17.375,19.625,20.375,17.75,15.75,17.0,14.0,12.5,18.625,17.875
828,18.875,21.625,21.125,18.625,16.0,16.5,16.0,15.125,19.375,18.125
829,19.75,21.0,22.0,20.0,18.25,18.125,17.25,16.875,21.875,18.5
830,17.25,19.875,20.375,19.125,17.875,18.375,14.625,15.75,19.25,16.375
831,18.0,19.125,18.75,18.5,16.5,15.75,14.125,14.625,20.25,14.625
832,19.0,20.625,20.0,18.75,17.375,16.875,15.125,14.0,19.5,17.5
833,16.75,19.125,18.0,17.25,14.0,13.75,13.25,13.0,16.75,14.5
834,18.75,21.875,20.25,20.0,17.5,17.0,15.25,16.0,20.125,16.75
835,17.875,19.875,21.75,18.75,16.5,17.5,15.25,15.875,20.375,16.375
836,14.625,16.0,15.875,15.125,12.375,13.875,12.125,11.25,16.125,13.625
837,15.5,16.75,18.0,17.5,15.0,15.0,12.25,12.75,16.375,15.125
838,17.5,18.875,18.875,16.5,15.375,14.75,14.5,13.875,17.0,14.875
839,17.125,18.0,18.625,17.25,17.125,16.0,14.625,13.75,18.375,15.125
840,14.375,15.375,16.625,15.375,13.375,13.75,10.5,12.25,15.75,12.25
841,17.375,17.875,18.375,17.125,14.0,14.75,11.875,12.25,16.625,13.625
842,15.125,16.25,16.25,15.375,12.375,12.0,11.125,11.625,15.375,13.375
843,17.75,20.5,18.25,18.875,16.5,15.625,14.375,13.5,18.875,15.5
844,17.75,19.375,18.75,17.625,14.125,14.625,14.625,14.125,17.125,14.75
845,18.75,20.875,20.125,18.5,17.375,18.0,15.75,15.5,18.875,16.625
846,13.5,13.75,14.625,14.0,11.0,11.875,9.875,10.0,14.125,11.0
847,16.125,17.625,17.625,15.875,13.625,13.5,12.75,12.375,16.125,15.375
848,17.625,18.25,17.0,17.0,15.0,16.0,14.125,13.0,18.0,15.0
849,18.625,21.125,21.0,19.375,18.5,18.125,14.75,15.5,20.5,16.75
850,22.25,23.125,24.0,23.25,19.5,20.625,18.5,19.125,21.875,19.5
851,20.0,19.375,22.0,20.875,17.375,18.125,17.375,15.875,20.125,17.5
852,19.25,19.0,21.375,20.125,15.75,16.625,15.25,14.875,19.375,16.0
853,17.875,18.625,19.5,19.0,15.875,15.125,15.0,13.625,19.0,15.75
854,18.875,19.875,20.75,19.625,16.75,16.75,15.875,16.75,19.875,17.0
855,21.375,21.875,22.125,21.25,18.5,19.0,17.375,17.125,21.25,20.0
856,19.125,19.0,21.5,20.25,17.625,18.0,16.125,14.75,20.25,17.0
857,20.625,21.75,21.75,20.75,17.75,18.125,16.875,16.5,19.5,18.375
858,20.25,21.875,24.25,22.75,20.625,20.25,17.5,19.25,24.125,19.875
859,21.125,22.875,24.625,22.625,20.875,20.875,19.25,19.875,24.0,18.75
860,19.5,19.75,20.375,19.625,17.625,17.875,15.5,15.375,20.75,16.625
861,17.75,18.125,18.875,17.625,15.625,15.75,13.5,13.75,18.625,14.5
862,19.125,19.875,21.25,19.625,16.875,16.875,15.125,15.0,19.0,16.125
863,18.875,21.375,22.625,20.875,18.125,18.0,16.625,16.0,20.0,18.125
864,19.75,22.625,23.375,22.75,20.0,20.25,18.5,19.25,22.25,18.25
865,19.375,21.125,21.75,22.125,18.75,19.75,17.0,18.125,20.875,19.25
866,18.625,20.375,20.625,20.875,16.5,17.875,16.625,15.0,20.875,16.625
867,15.5,17.625,18.875,17.875,15.125,15.625,13.125,14.5,18.125,15.0
868,18.5,20.5,20.375,19.0,17.5,17.875,16.75,15.0,20.375,16.625
869,17.625,19.375,20.5,18.75,18.25,17.875,16.625,16.875,21.375,17.125
870,17.0,18.5,18.625,18.0,17.0,17.125,13.75,15.125,19.5,15.625
871,19.75,20.5,20.0,18.375,18.0,17.25,14.625,15.125,19.625,17.5
872,19.5,20.375,21.75,20.375,16.875,19.375,15.75,16.125,20.375,17.875
873,20.75,22.875,22.75,21.5,19.375,20.0,17.875,18.125,21.25,21.0
874,22.5,24.125,23.25,22.125,21.375,21.625,17.25,18.5,23.875,20.875
875,21.0,20.875,20.375,19.5,17.875,18.0,14.375,16.0,20.75,17.875
876,20.625,20.625,22.125,20.375,19.125,19.5,17.125,16.875,21.25,19.125
877,20.125,20.375,21.5,19.25,17.875,18.25,15.25,15.5,20.625,18.25
878,16.75,19.375,20.625,16.625,18.0,17.75,15.125,15.625,19.0,16.25
879,18.375,20.625,21.0,18.25,17.0,18.0,14.25,16.25,19.0,16.375
880,20.125,21.5,22.0,21.25,19.0,18.875,15.5,15.625,20.125,18.25
881,17.0,17.25,18.75,18.375,16.125,15.0,13.125,12.875,18.25,15.0
882,14.625,15.375,16.625,15.0,13.25,12.625,10.875,10.25,15.875,12.75
883,16.625,18.875,19.5,18.75,16.75,15.75,13.75,14.5,19.625,16.75
884,17.875,19.875,21.375,19.375,16.625,17.25,15.75,16.25,20.25,16.0
885,20.375,22.125,23.75,22.375,20.125,21.25,17.125,18.375,22.75,20.125
886,14.75,16.75,17.75,15.625,11.75,13.375,11.25,10.5,15.625,14.125
887,19.0,20.375,21.875,20.75,18.125,18.5,14.875,16.25,20.625,18.625
888,21.0,22.25,23.625,22.25,19.0,19.375,17.875,17.5,21.75,19.625
889,17.875,18.375,19.375,17.5,15.125,15.875,13.25,13.875,16.875,15.125
890,19.5,21.125,21.375,20.875,19.5,20.375,15.625,16.0,21.125,17.125
891,18.625,19.5,21.625,19.5,18.875,18.875,16.0,16.125,21.25,16.5
892,19.5,20.375,21.875,19.625,17.75,18.375,16.0,16.625,20.375,17.75
893,20.0,20.75,22.75,21.0,18.625,19.75,16.875,17.375,22.25,17.875
894,22.75,23.5,23.75,22.625,19.875,21.0,19.125,20.25,23.875,20.25
895,18.625,19.5,21.125,19.75,17.125,18.0,14.5,16.0,20.125,17.875
896,19.25,21.25,22.625,20.625,18.25,19.5,17.5,17.625,21.5,19.0
897,19.125,21.625,23.75,20.25,18.125,19.125,16.5,18.375,20.5,19.75
898,19.125,19.75,22.25,19.0,17.625,17.875,16.75,17.125,20.125,18.125
899,19.375,20.0,20.875,19.5,17.375,18.0,16.875,16.875,19.625,17.25
900,18.75,18.75,20.875,20.125,18.375,18.5,15.625,16.625,20.5,18.125
901,15.75,15.375,18.25,15.25,14.0,14.625,11.625,13.25,16.75,13.875
902,19.0,20.0,21.0,19.875,18.25,18.875,15.5,15.75,20.625,18.5
903,15.25,16.375,17.875,16.25,14.125,14.875,11.625,13.125,18.25,14.5
904,17.375,18.375,19.875,18.5,16.25,16.625,13.625,14.125,19.375,15.25
905,19.375,20.125,21.0,21.25,17.375,18.75,17.375,18.625,22.125,17.625
906,17.625,18.0,18.5,18.25,15.375,15.875,15.5,14.625,20.0,15.75
907,19.0,19.75,21.0,19.625,16.75,17.0,15.75,16.625,21.375,19.0
908,18.625,20.125,19.75,19.375,16.875,17.375,15.125,15.75,21.0,16.5
909,16.375,17.0,19.125,16.875,15.5,16.25,12.875,14.25,17.875,14.875
910,18.0,20.375,20.375,19.0,17.125,17.25,13.875,14.875,20.125,17.875
911,19.125,18.5,21.5,20.125,17.625,17.75,16.25,16.25,21.25,19.25
912,19.875,19.5,22.625,21.25,19.25,20.125,17.5,16.625,22.75,20.25
913,18.625,19.0,19.875,20.0,18.625,19.0,16.75,15.75,20.5,18.25
914,20.25,20.0,23.0,21.375,19.875,20.5,17.875,17.0,22.125,18.625
915,19.375,20.375,21.375,20.375,18.625,19.25,17.125,17.375,21.25,18.125
916,18.5,20.5,21.75,19.875,18.375,18.375,16.375,15.25,21.0,17.625
917,15.5,16.5,19.5,17.5,15.625,16.625,14.25,13.625,18.25,16.75
918,16.75,19.125,22.375,19.0,17.625,19.75,17.125,15.875,18.75,19.5
919,17.875,18.5,20.5,18.75,16.875,18.0,16.0,14.25,19.5,18.125
920,18.75,18.375,20.625,19.125,16.375,17.875,13.75,14.625,19.5,17.125
921,19.75,20.0,22.0,21.75,18.125,19.125,16.75,16.5,21.375,18.625
922,18.625,18.25,20.5,19.5,17.875,18.125,15.875,15.875,20.375,17.0
923,19.25,21.25,22.75,21.25,19.375,19.375,16.875,18.5,21.75,18.875
924,16.5,17.5,19.75,18.25,18.375,18.375,14.5,14.75,20.25,17.875
925,19.125,19.5,22.125,20.625,18.5,19.375,16.5,16.75,21.75,20.25
926,20.25,20.875,21.625,20.125,18.375,18.5,16.625,16.5,21.0,19.75
927,18.25,20.25,22.0,19.375,18.75,18.25,15.125,15.25,20.625,19.0
928,17.125,19.375,19.375,17.75,18.75,18.375,15.375,15.125,19.125,17.75
929,17.375,19.25,20.0,19.25,17.75,17.25,15.625,15.625,20.25,18.25
930,15.875,16.875,18.125,16.875,15.875,15.125,12.5,13.125,17.875,14.5
931,18.375,19.0,20.0,20.25,18.25,18.375,15.75,15.125,22.25,17.625
932,17.625,19.0,19.25,17.5,16.5,16.625,14.375,15.125,19.5,15.625
933,18.0,19.0,19.5,18.125,17.0,16.375,14.0,14.75,18.875,14.25
934,14.5,15.5,16.875,15.75,13.5,13.625,11.5,11.375,16.25,12.5
935,16.125,16.625,18.625,17.125,15.625,15.75,12.625,14.5,18.625,14.25
936,18.25,19.125,21.25,18.75,18.25,18.25,13.625,15.125,19.875,17.5
937,16.625,17.5,19.25,16.875,16.125,16.5,13.0,13.375,17.5,15.0
938,19.875,19.875,24.0,19.625,19.25,19.125,16.375,17.0,19.5,18.25
939,18.375,19.375,21.625,19.375,17.0,16.5,14.875,15.375,20.25,16.25
940,16.625,17.25,19.5,17.875,16.25,16.75,13.125,13.875,17.625,15.375
941,18.75,18.125,21.25,21.375,16.625,17.5,14.5,15.125,20.0,16.625
942,16.625,17.625,20.25,18.0,14.25,15.0,13.875,14.25,18.125,15.625
943,18.625,19.125,20.625,19.625,17.0,16.625,13.5,14.5,19.875,17.0
944,19.25,18.5,21.25,20.0,18.75,18.75,14.5,14.75,21.0,18.0
945,21.5,20.625,23.125,22.125,20.375,20.75,16.75,18.25,22.5,21.375
946,18.25,17.25,19.625,19.375,17.625,17.75,15.0,15.0,19.5,17.0
947,20.125,19.5,22.125,21.0,19.25,18.625,17.25,17.5,21.0,19.5
948,21.625,21.25,23.5,21.75,21.25,20.875,18.25,16.875,22.375,20.625
949,21.25,20.25,22.375,21.625,20.875,20.875,17.5,17.625,22.0,20.125
950,16.625,17.75,19.125,18.375,16.375,16.5,14.25,14.5,18.125,16.0
951,16.875,18.625,18.75,18.625,16.375,16.375,14.75,14.25,19.0,16.25
952,13.375,15.75,17.125,16.125,12.0,13.0,11.5,11.75,15.375,13.625
953,19.125,20.875,21.125,21.25,17.625,18.375,17.0,17.25,20.875,17.75
954,19.625,19.0,20.5,20.625,17.625,18.875,16.125,16.625,21.375,17.125
955,20.0,21.125,21.375,21.0,20.0,19.875,16.5,16.5,22.125,18.875
956,17.875,19.25,19.5,18.375,18.0,18.0,14.0,13.75,19.5,17.125
957,16.875,19.5,20.5,17.875,17.375,17.75,15.25,15.25,19.25,15.5
958,20.25,23.125,24.375,22.0,20.5,20.75,18.125,17.5,22.5,19.875
959,17.125,18.875,20.125,18.75,17.0,16.375,15.25,14.375,19.0,15.625
960,17.5,17.75,19.875,18.75,16.625,16.25,14.25,14.5,19.125,16.25
961,14.75,14.0,17.25,16.625,13.25,14.0,11.625,11.875,16.875,13.5
962,17.125,18.5,20.75,19.875,17.25,17.875,15.375,15.25,21.125,18.75
963,17.625,17.375,20.75,20.625,17.125,16.625,15.125,15.25,21.25,17.0
964,17.625,19.375,21.25,20.0,17.875,18.25,15.875,15.25,21.0,16.125
965,14.125,15.875,17.25,16.5,15.0,15.875,12.625,13.125,16.875,14.625
966,17.25,17.375,18.375,18.375,16.625,16.5,13.25,12.75,18.75,16.875
967,16.625,16.375,18.125,18.25,15.0,15.5,13.25,12.875,18.375,16.5
968,14.25,14.375,16.125,15.125,13.375,13.25,12.5,12.0,15.75,14.0
969,17.0,17.75,19.375,18.875,17.125,17.375,14.0,15.25,20.75,16.375
970,15.5,17.25,19.375,17.25,16.25,17.0,14.0,15.625,18.625,15.75
971,16.75,16.625,18.5,17.625,15.75,15.875,14.25,13.625,18.625,15.0
972,18.875,18.875,21.0,20.875,17.5,18.75,15.375,16.5,20.75,18.125
973,20.25,20.125,20.625,20.0,17.625,17.5,17.0,16.625,20.625,18.375
974,18.25,18.375,20.75,18.25,17.125,17.75,14.5,14.75,19.375,16.25
975,18.875,18.5,19.5,19.375,17.25,17.125,15.125,16.0,20.5,18.75
976,18.125,17.875,19.5,19.125,16.25,16.625,14.375,14.75,20.25,17.75
977,14.625,13.75,17.125,14.875,13.625,14.25,10.625,11.25,15.5,13.625
978,18.0,16.0,19.0,16.625,15.375,16.0,12.625,13.25,18.5,15.125
979,19.25,20.875,22.0,19.75,17.875,18.25,16.75,16.25,20.75,17.0
980,17.375,18.625,20.375,19.25,15.75,17.125,14.25,15.5,18.75,15.875
981,18.5,18.25,19.875,19.125,16.5,16.5,15.625,14.875,18.875,16.125
982,14.5,17.125,18.25,15.5,13.5,14.25,12.25,12.5,16.125,13.75
983,22.125,23.5,24.0,23.625,21.5,21.75,19.375,20.5,25.625,20.625
984,19.375,19.75,20.625,20.125,16.25,17.75,17.375,16.5,20.0,18.0
985,19.0,19.0,21.5,20.75,17.125,18.375,16.0,17.25,20.125,17.875
986,16.625,17.125,18.375,18.375,15.25,15.25,13.125,13.625,17.875,16.25
987,17.125,18.5,19.875,18.0,15.75,17.0,14.0,14.875,18.625,17.625
988,17.25,16.5,18.25,17.25,15.625,15.125,13.75,14.0,17.75,15.375
989,18.125,17.875,20.0,18.375,16.375,16.875,16.375,15.625,19.125,15.125
990,18.875,19.25,20.75,19.125,16.375,17.75,14.25,16.0,20.625,16.875
991,19.125,19.125,21.5,19.25,17.75,18.75,16.0,15.25,20.375,17.5
992,18.0,19.5,19.625,17.75,16.625,17.0,15.625,14.75,18.5,16.5
993,18.75,18.125,20.5,17.875,17.5,18.25,16.75,15.5,19.625,17.0
994,21.0,19.75,21.375,19.625,19.125,19.5,17.125,16.625,21.25,18.0
995,19.375,20.125,20.75,19.375,18.0,18.75,15.75,15.375,20.0,17.375
996,17.5,18.0,19.0,18.125,15.75,16.375,14.0,14.625,20.0,17.125
997,17.875,17.875,19.0,18.125,17.0,18.0,15.375,14.0,20.125,15.625
998,17.25,18.625,19.375,17.5,16.0,16.25,14.5,15.125,19.0,16.75
999,19.375,20.75,21.75,19.625,18.0,18.75,16.375,16.125,19.75,19.0
